{"2": "[[0, 0.0, 0.0, 0.0, 0.0, 0.0, 0.0, 0.0, 0.0, 0.0], [0.0, 0, 1.0, 0.6666666666666666, 0.0, 0.4, 0.4, 0.4, 0.0, 0.0], [0.0, 1.0, 0, 0.6666666666666666, 0.0, 0.4, 0.4, 0.4, 0.0, 0.0], [0.0, 0.6666666666666666, 0.6666666666666666, 0, 0.0, 0.4, 0.4, 0.4, 0.0, 0.0], [0.0, 0.0, 0.0, 0.0, 0, 0.0, 0.0, 0.0, 0.6666666666666666, 0.0], [0.0, 0.4, 0.4, 0.4, 0.0, 0, 1.0, 1.0, 0.0, 0.0], [0.0, 0.4, 0.4, 0.4, 0.0, 1.0, 0, 1.0, 0.0, 0.0], [0.0, 0.4, 0.4, 0.4, 0.0, 1.0, 1.0, 0, 0.0, 0.0], [0.0, 0.0, 0.0, 0.0, 0.6666666666666666, 0.0, 0.0, 0.0, 0, 0.0], [0.0, 0.0, 0.0, 0.0, 0.0, 0.0, 0.0, 0.0, 0.0, 0]]", "1": "[[0.0, 0.14757972955703735, 0.20509719848632812, 0.26300472021102905, 0.18718689680099487, 0.21349066495895386, 0.20540225505828857, 0.21807026863098145, 0.3026909828186035, 0.2665891647338867], [0.14757972955703735, 0.0, 0.005172073841094971, 0.07686775922775269, 0.1712896227836609, 0.19237840175628662, 0.19526463747024536, 0.18843340873718262, 0.23213505744934082, 0.24289590120315552], [0.20509719848632812, 0.005172073841094971, 0.0, 0.07194781303405762, 0.19624632596969604, 0.2156084179878235, 0.2205289602279663, 0.21014100313186646, 0.24441444873809814, 0.26391488313674927], [0.26300472021102905, 0.07686775922775269, 0.07194781303405762, 0.0, 0.22862482070922852, 0.2694515585899353, 0.29734349250793457, 0.28150641918182373, 0.32422298192977905, 0.34075111150741577], [0.18718689680099487, 0.1712896227836609, 0.19624632596969604, 0.22862482070922852, 0.0, 0.06194496154785156, 0.08362013101577759, 0.08379685878753662, 0.16426658630371094, 0.16420429944992065], [0.21349066495895386, 0.19237840175628662, 0.2156084179878235, 0.2694515585899353, 0.06194496154785156, 0.0, 0.014456570148468018, 0.010339319705963135, 0.051889002323150635, 0.06296277046203613], [0.20540225505828857, 0.19526463747024536, 0.2205289602279663, 0.29734349250793457, 0.08362013101577759, 0.014456570148468018, 0.0, 0.00455397367477417, 0.03714549541473389, 0.038246214389801025], [0.21807026863098145, 0.18843340873718262, 0.21014100313186646, 0.28150641918182373, 0.08379685878753662, 0.010339319705963135, 0.00455397367477417, 0.0, 0.029690086841583252, 0.0419231653213501], [0.3026909828186035, 0.23213505744934082, 0.24441444873809814, 0.32422298192977905, 0.16426658630371094, 0.051889002323150635, 0.03714549541473389, 0.029690086841583252, 0.0, 0.02473151683807373], [0.2665891647338867, 0.24289590120315552, 0.26391488313674927, 0.34075111150741577, 0.16420429944992065, 0.06296277046203613, 0.038246214389801025, 0.0419231653213501, 0.02473151683807373, 0.0]]", "0": "[[0, 0.04, 0.03, 0.02, 1, 0.02, 0.01, 1, 0.02, 1], [0.04, 0, 0.02, 0.03, 0.04, 0.03, 0.04, 0.04, 0.03, 0.04], [0.03, 0.02, 0, 0.04, 0.03, 0.04, 0.03, 0.03, 0.04, 0.03], [0.02, 0.03, 0.04, 0, 0.02, 1, 0.02, 0.02, 1, 0.02], [1, 0.04, 0.03, 0.02, 0, 0.02, 0.01, 1, 0.02, 1], [0.02, 0.03, 0.04, 1, 0.02, 0, 0.02, 0.02, 1, 0.02], [0.01, 0.04, 0.03, 0.02, 0.01, 0.02, 0, 0.01, 0.02, 0.01], [1, 0.04, 0.03, 0.02, 1, 0.02, 0.01, 0, 0.02, 1], [0.02, 0.03, 0.04, 1, 0.02, 1, 0.02, 0.02, 0, 0.02], [1, 0.04, 0.03, 0.02, 1, 0.02, 0.01, 1, 0.02, 0]]"}